 wscale=   100000.00000000000     
 tempscale=   1.0000000000000000E-002
